"target","model-output","log-likelihood"
0,0.309,-0.370046
0,0.000,-0.000000
1,1.000,0.000000
1,1.000,-0.000000
1,1.000,0.000000
0,0.920,-2.521279
1,1.000,-0.000000
0,0.000,-0.000000
1,0.955,-0.045891
0,0.000,-0.000000
1,1.000,0.000000
0,0.000,-0.000000
1,0.749,-0.289231
0,0.006,-0.006147
1,1.000,-0.000001
1,1.000,-0.000009
0,0.000,-0.000000
1,0.986,-0.014271
1,0.974,-0.026394
1,1.000,0.000000
1,0.326,-1.120132
AUC = 0.98
confusion: [[7.0, 1.0], [1.0, 12.0]]
entropy: [[-0.4, NaN], [-25.8, -0.1]]
